temp	h	s	p kpa					
36.16	2567.40	8.33	6.00					
80.00	2650.10	8.58	6.00					
120.00	2726.00	8.78	6.00					
160.00	2802.50	8.97	6.00					
200.00	2879.70	9.14	6.00					
240.00	2957.80	9.30	6.00					
280.00	3036.80	9.45	6.00					
320.00	3116.70	9.59	6.00					
360.00	3197.70	9.72	6.00					
400.00	3279.60	9.84	6.00					
440.00	3362.60	9.96	6.00					
500.00	3489.10	10.13	6.00					
89.95	2660.00	7.48	70.00					
100.00	2680.00	7.53	70.00					
120.00	2719.60	7.64	70.00					
160.00	2798.20	7.83	70.00					
200.00	2876.70	8.00	70.00					
240.00	2955.50	8.16	70.00					
280.00	3035.00	8.32	70.00					
320.00	3115.30	8.45	70.00					
360.00	3196.50	8.58	70.00					
400.00	3278.60	8.71	70.00					
440.00	3361.80	8.83	70.00					
500.00	3488.50	9.00	70.00					
111.37	2693.60	7.22	150.00					
120.00	2711.40	7.27	150.00					
160.00	2792.80	7.47	150.00					
200.00	2872.90	7.64	150.00					
240.00	2952.70	7.81	150.00					
280.00	3032.80	7.96	150.00					
320.00	3113.50	8.10	150.00					
360.00	3195.00	8.23	150.00					
400.00	3277.40	8.36	150.00					
440.00	3360.70	8.48	150.00					
500.00	3487.60	8.65	150.00					
600.00	3704.30	8.91	150.00					
151.86	2748.70	6.82	500.00					
180.00	2812.00	6.97	500.00					
200.00	2855.40	7.06	500.00					
240.00	2939.90	7.23	500.00					
280.00	3022.90	7.39	500.00					
320.00	3105.60	7.53	500.00					
360.00	3188.40	7.67	500.00					
400.00	3271.90	7.79	500.00					
440.00	3356.00	7.92	500.00					
500.00	3483.90	8.09	500.00					
600.00	3701.70	8.35	500.00					
700.00	3925.90	8.60	500.00					
179.91	2778.10	6.59	1000.00					
200.00	2827.90	6.69	1000.00					
240.00	2920.40	6.88	1000.00					
280.00	3008.20	7.05	1000.00					
320.00	3093.90	7.20	1000.00					
360.00	3178.90	7.33	1000.00					
400.00	3263.90	7.47	1000.00					
440.00	3349.30	7.59	1000.00					
500.00	3478.50	7.76	1000.00					
540.00	3565.60	7.87	1000.00					
600.00	3697.90	8.03	1000.00					
640.00	3787.20	8.13	1000.00					
212.42	2799.50	6.34	2000.00					
240.00	2876.50	6.50	2000.00					
280.00	2976.40	6.68	2000.00					
320.00	3069.50	6.85	2000.00					
360.00	3159.30	6.99	2000.00					
400.00	3247.60	7.13	2000.00					
440.00	3335.50	7.25	2000.00					
500.00	3467.60	7.43	2000.00					
540.00	3556.10	7.54	2000.00					
600.00	3690.10	7.70	2000.00					
640.00	3780.40	7.80	2000.00					
700.00	3917.40	7.95	2000.00					
250.40	2801.40	6.07	4000.00					
280.00	2901.80	6.26	4000.00					
320.00	3015.40	6.46	4000.00					
360.00	3117.20	6.62	4000.00					
400.00	3213.60	6.77	4000.00					
440.00	3307.10	6.90	4000.00					
500.00	3445.30	7.09	4000.00					
540.00	3536.90	7.21	4000.00					
600.00	3674.40	7.37	4000.00					
640.00	3766.60	7.47	4000.00					
700.00	3905.90	7.62	4000.00					
740.00	3999.60	7.71	4000.00					
295.06	2758.00	5.74	8000.00					
320.00	2877.20	5.95	8000.00					
360.00	3019.80	6.18	8000.00					
400.00	3138.30	6.36	8000.00					
440.00	3246.10	6.52	8000.00					
480.00	3348.40	6.66	8000.00					
520.00	3447.70	6.79	8000.00					
560.00	3545.30	6.91	8000.00					
600.00	3642.00	7.02	8000.00					
640.00	3738.30	7.13	8000.00					
700.00	3882.40	7.28	8000.00					
740.00	3978.70	7.38	8000.00					
324.75	2684.9	5.4924	12000					
360	2895.7	5.8361	12000					
400	3051.3	6.0747	12000					
440	3178.7	6.2586	12000					
480	3293.5	6.4154	12000					
520	3401.8	6.5555	12000					
560	3506.2	6.684	12000					
600	3608.3	6.8037	12000					
640	3709	6.9164	12000					
700	3858.4	7.0749	12000					
740	3957.4	7.1746	12000					
347.44	2580.6	5.2455	16000					
360	2715.8	5.4614	16000					
400	2947.6	5.8175	16000					
440	3103.7	6.0429	16000					
480	3234.4	6.2215	16000					
520	3353.3	6.3752	16000					
560	3465.4	6.5132	16000					
600	3573.5	6.6399	16000					
640	3678.9	6.758	16000					
700	3833.9	6.9224	16000					
740	3935.9	7.0251	16000					
365.81	2409.7	4.9269	20000					
400	2818.1	5.554	20000					
440	3019.4	5.845	20000					
480	3170.8	6.0518	20000					
520	3302.2	6.2218	20000					
560	3423	6.3705	20000					
600	3537.6	6.5048	20000					
640	3648.1	6.6286	20000					
700	3809	6.7993	20000					
740	3914.1	6.9052	20000					
800	4069.7	7.0544	20000					
400	2330.7	4.7494	28000					
440	2812.6	5.4494	28000					
480	3028.5	5.7446	28000					
520	3192.3	5.9566	28000					
560	3333.7	6.1307	28000					
600	3463	6.2823	28000					
640	3584.8	6.4187	28000					
700	3758.4	6.6029	28000					
740	3870	6.7153	28000					
800	4033.4	6.872	28000					
900	4298.8	7.1084	28000					
72.69	2631.40	7.72	35.00					
80.00	2645.60	7.76	35.00					
120.00	2723.10	7.96	35.00					
160.00	2800.60	8.15	35.00					
200.00	2878.40	8.32	35.00					
240.00	2956.80	8.48	35.00					
280.00	3036.00	8.63	35.00					
320.00	3116.10	8.77	35.00					
360.00	3197.10	8.90	35.00					
400.00	3279.20	9.03	35.00					
440.00	3362.20	9.15	35.00					
500.00	3488.80	9.32	35.00					
99.63	2675.50	7.36	100.00					
100.00	2676.20	7.36	100.00					
120.00	2716.60	7.47	100.00					
160.00	2796.20	7.66	100.00					
200.00	2875.30	7.83	100.00					
240.00	2954.50	7.99	100.00					
280.00	3034.20	8.14	100.00					
320.00	3114.60	8.28	100.00					
360.00	3195.90	8.42	100.00					
400.00	3278.20	8.54	100.00					
440.00	3361.40	8.66	100.00					
500.00	3488.10	8.83	100.00					
133.55	2725.30	6.99	300.00					
160.00	2782.30	7.13	300.00					
200.00	2865.50	7.31	300.00					
240.00	2947.30	7.48	300.00					
280.00	3028.60	7.63	300.00					
320.00	3110.10	7.77	300.00					
360.00	3192.20	7.91	300.00					
400.00	3275.00	8.03	300.00					
440.00	3358.70	8.15	300.00					
500.00	3486.00	8.33	300.00					
600.00	3703.20	8.59	300.00					
164.97	2763.50	6.71	700.00					
180.00	2799.10	6.79	700.00					
200.00	2844.80	6.89	700.00					
240.00	2932.20	7.06	700.00					
280.00	3017.10	7.22	700.00					
320.00	3100.90	7.37	700.00					
360.00	3184.70	7.51	700.00					
400.00	3268.70	7.64	700.00					
440.00	3353.30	7.76	700.00					
500.00	3481.70	7.93	700.00					
600.00	3700.20	8.20	700.00					
700.00	3924.80	8.44	700.00					
198.32	2792.20	6.44	1500.00					
200.00	2796.80	6.45	1500.00					
240.00	2899.30	6.66	1500.00					
280.00	2992.70	6.84	1500.00					
320.00	3081.90	6.99	1500.00					
360.00	3169.20	7.14	1500.00					
400.00	3255.80	7.27	1500.00					
440.00	3342.50	7.39	1500.00					
500.00	3473.10	7.57	1500.00					
540.00	3560.90	7.68	1500.00					
600.00	3694.00	7.84	1500.00					
640.00	3783.80	7.94	1500.00					
233.90	2804.20	6.19	3000.00					
240.00	2824.30	6.23	3000.00					
280.00	2941.30	6.45	3000.00					
320.00	3043.40	6.62	3000.00					
360.00	3138.70	6.78	3000.00					
400.00	3230.90	6.92	3000.00					
440.00	3321.50	7.05	3000.00					
500.00	3456.50	7.23	3000.00					
540.00	3546.60	7.35	3000.00					
600.00	3682.30	7.51	3000.00					
640.00	3773.50	7.61	3000.00					
700.00	3911.70	7.76	3000.00					
275.64	2784.30	5.89	6000.00					
280.00	2804.20	5.93	6000.00					
320.00	2952.60	6.18	6000.00					
360.00	3071.10	6.38	6000.00					
400.00	3177.20	6.54	6000.00					
440.00	3277.30	6.69	6000.00					
500.00	3422.20	6.88	6000.00					
540.00	3517.00	7.00	6000.00					
600.00	3658.40	7.17	6000.00					
640.00	3752.60	7.27	6000.00					
700.00	3894.10	7.42	6000.00					
740.00	3989.20	7.52	6000.00					
311.06	2724.70	5.61	10000.00					
320.00	2781.30	5.71	10000.00					
360.00	2962.10	6.01	10000.00					
400.00	3096.50	6.21	10000.00					
440.00	3213.20	6.38	10000.00					
480.00	3321.40	6.53	10000.00					
520.00	3425.10	6.66	10000.00					
560.00	3526.00	6.79	10000.00					
600.00	3625.30	6.90	10000.00					
640.00	3723.70	7.01	10000.00					
700.00	3870.50	7.17	10000.00					
740.00	3968.10	7.27	10000.00					
336.75	2637.6	5.3717	14000					
360	2816.5	5.6602	14000					
400	3001.9	5.9448	14000					
440	3142.2	6.1474	14000					
480	3264.5	6.3143	14000					
520	3377.8	6.461	14000					
560	3486	6.5941	14000					
600	3591.1	6.7172	14000					
640	3694.1	6.8326	14000					
700	3846.2	6.9939	14000					
740	3946.7	7.0952	14000					
357.06	2509.1	5.1044	18000					
360	2564.5	5.1922	18000					
400	2887	5.6887	18000					
440	3062.8	5.9428	18000					
480	3203.2	6.1345	18000					
520	3378	6.296	18000					
560	3444.4	6.4392	18000					
600	3555.6	6.5696	18000					
640	3663.6	6.6905	18000					
700	3821.5	6.858	18000					
740	3925	6.9623	18000					
400	2639.4	5.2393	24000					
440	2923.4	5.6506	24000					
480	3102.3	5.895	24000					
520	3248.5	6.0842	24000					
560	3379	6.2448	24000					
600	3500.7	6.3875	24000					
640	3616.7	6.5174	24000					
700	3783.8	6.6947	24000					
740	3892.1	6.8038	24000					
800	4051.6	6.9567	24000					
400	2055.9	4.3239	32000					
440	2683	5.2327	32000					
480	2949.2	5.5968	32000					
520	3133.7	5.8357	32000					
560	3287.2	6.0246	32000					
600	3424.6	6.1858	32000					
640	3552.5	6.329	32000					
700	3732.8	6.5203	32000					
740	3847.8	6.6361	32000					
800	4015.1	6.7966	32000					
900	4285.1	7.0372	32000					
